UNITS=MM
#Layer_Color=8388736
#
#Feature symbol names
#
$0 r149.9997

#
#Feature attribute names
#

#
#Layer features
#
L 9.42499766 3.49699834 9.42499766 21.49701314 0 P 0
L 9.42499766 3.49699834 27.425015 3.49699834 0 P 0
L 9.42499766 21.49701314 27.425015 21.49701314 0 P 0
L 9.42499766 22.54699834 9.42499766 40.54701314 0 P 0
L 9.42499766 22.54699834 27.425015 22.54699834 0 P 0
L 9.42499766 40.54701314 27.425015 40.54701314 0 P 0
L 9.42499766 41.59699834 9.42499766 59.59701314 0 P 0
L 9.42499766 41.59699834 27.425015 41.59699834 0 P 0
L 9.42499766 59.59701314 27.425015 59.59701314 0 P 0
L 9.43000908 84.85599996 47.43000928 84.85599996 0 P 0
L 9.43000908 96.85600136 47.43000928 96.85600136 0 P 0
L 9.43001162 84.85599996 9.43001162 96.85600136 0 P 0
L 27.425015 3.49699834 27.425015 21.49701314 0 P 0
L 27.425015 22.54699834 27.425015 40.54701314 0 P 0
L 27.425015 41.59699834 27.425015 59.59701314 0 P 0
L 28.47499766 3.49699834 28.47499766 21.49701314 0 P 0
L 28.47499766 3.49699834 46.475015 3.49699834 0 P 0
L 28.47499766 21.49701314 46.475015 21.49701314 0 P 0
L 28.47499766 22.54699834 28.47499766 40.54701314 0 P 0
L 28.47499766 22.54699834 46.475015 22.54699834 0 P 0
L 28.47499766 40.54701314 46.475015 40.54701314 0 P 0
L 28.47499766 41.59699834 28.47499766 59.59701314 0 P 0
L 28.47499766 41.59699834 46.475015 41.59699834 0 P 0
L 28.47499766 59.59701314 46.475015 59.59701314 0 P 0
L 46.475015 3.49699834 46.475015 21.49701314 0 P 0
L 46.475015 22.54699834 46.475015 40.54701314 0 P 0
L 46.475015 41.59699834 46.475015 59.59701314 0 P 0
L 47.43000928 84.85599996 47.43000928 96.85600136 0 P 0
L 47.52499766 3.49699834 47.52499766 21.49701314 0 P 0
L 47.52499766 3.49699834 65.525015 3.49699834 0 P 0
L 47.52499766 21.49701314 65.525015 21.49701314 0 P 0
L 47.52499766 22.54699834 47.52499766 40.54701314 0 P 0
L 47.52499766 22.54699834 65.525015 22.54699834 0 P 0
L 47.52499766 40.54701314 65.525015 40.54701314 0 P 0
L 47.52499766 41.59699834 47.52499766 59.59701314 0 P 0
L 47.52499766 41.59699834 65.525015 41.59699834 0 P 0
L 47.52499766 59.59701314 65.525015 59.59701314 0 P 0
L 65.525015 3.49699834 65.525015 21.49701314 0 P 0
L 65.525015 22.54699834 65.525015 40.54701314 0 P 0
L 65.525015 41.59699834 65.525015 59.59701314 0 P 0
L 66.57499766 3.49699834 66.57499766 21.49701314 0 P 0
L 66.57499766 3.49699834 84.575015 3.49699834 0 P 0
L 66.57499766 21.49701314 84.575015 21.49701314 0 P 0
L 66.57499766 22.54699834 66.57499766 40.54701314 0 P 0
L 66.57499766 22.54699834 84.575015 22.54699834 0 P 0
L 66.57499766 40.54701314 84.575015 40.54701314 0 P 0
L 66.57499766 41.59699834 66.57499766 59.59701314 0 P 0
L 66.57499766 41.59699834 84.575015 41.59699834 0 P 0
L 66.57499766 59.59701314 84.575015 59.59701314 0 P 0
L 84.575015 3.49699834 84.575015 21.49701314 0 P 0
L 84.575015 22.54699834 84.575015 40.54701314 0 P 0
L 84.575015 41.59699834 84.575015 59.59701314 0 P 0
