UNITS=MM
#Layer_Color=9474304
#
#Feature symbol names
#
$0 r127

#
#Feature attribute names
#

#
#Layer features
#
L 10.7409996 71.69599834 11.59100044 71.69599834 0 P 0
L 10.7409996 80.69600066 11.59100044 80.69600066 0 P 0
L 11.16600002 71.27099792 11.16600002 72.12099876 0 P 0
L 11.16600002 80.27100024 11.16600002 81.12100108 0 P 0
L 12.49500168 12.49700066 14.19499828 12.49700066 0 P 0
L 12.49500168 31.54700066 14.19499828 31.54700066 0 P 0
L 12.49500168 50.59700066 14.19499828 50.59700066 0 P 0
L 13.34499998 11.64700236 13.34499998 13.34699896 0 P 0
L 13.34499998 30.69700236 13.34499998 32.39699896 0 P 0
L 13.34499998 49.74700236 13.34499998 51.44699896 0 P 0
L 13.85299998 15.03700066 15.37699998 15.03700066 0 P 0
L 13.85299998 34.08700066 15.37699998 34.08700066 0 P 0
L 13.85299998 53.13700066 15.37699998 53.13700066 0 P 0
L 14.61499998 14.27500066 14.61499998 15.79900066 0 P 0
L 14.61499998 33.32500066 14.61499998 34.84900066 0 P 0
L 14.61499998 52.37500066 14.61499998 53.89900066 0 P 0
L 15.30800088 62.91600066 16.20799908 62.91600066 0 P 0
L 15.30800088 65.45600066 16.20799908 65.45600066 0 P 0
L 15.30800088 67.99600066 16.20799908 67.99600066 0 P 0
L 15.30800088 70.53600066 16.20799908 70.53600066 0 P 0
L 15.30800088 73.07600066 16.20799908 73.07600066 0 P 0
L 15.30800088 75.61600066 16.20799908 75.61600066 0 P 0
L 15.30800088 78.15600066 16.20799908 78.15600066 0 P 0
L 15.30800088 80.69600066 16.20799908 80.69600066 0 P 0
L 15.75799998 62.46600156 15.75799998 63.36599976 0 P 0
L 15.75799998 65.00600156 15.75799998 65.90599976 0 P 0
L 15.75799998 67.54600156 15.75799998 68.44599976 0 P 0
L 15.75799998 70.08600156 15.75799998 70.98599976 0 P 0
L 15.75799998 72.62600156 15.75799998 73.52599976 0 P 0
L 15.75799998 75.16600156 15.75799998 76.06599976 0 P 0
L 15.75799998 77.70600156 15.75799998 78.60599976 0 P 0
L 15.75799998 80.24600156 15.75799998 81.14599976 0 P 0
L 16.42500144 12.49700066 20.42499852 12.49700066 0 P 0
L 16.42500144 31.54700066 20.42499852 31.54700066 0 P 0
L 16.42500144 50.59700066 20.42499852 50.59700066 0 P 0
L 18.42499998 10.49700212 18.42499998 14.4969992 0 P 0
L 18.42499998 29.54700212 18.42499998 33.5469992 0 P 0
L 18.42499998 48.59700212 18.42499998 52.5969992 0 P 0
L 20.20299998 17.57700066 21.72699998 17.57700066 0 P 0
L 20.20299998 36.62700066 21.72699998 36.62700066 0 P 0
L 20.20299998 55.67700066 21.72699998 55.67700066 0 P 0
L 20.96499998 16.81500066 20.96499998 18.33900066 0 P 0
L 20.96499998 35.86500066 20.96499998 37.38900066 0 P 0
L 20.96499998 54.91500066 20.96499998 56.43900066 0 P 0
L 22.65500168 12.49700066 24.35499828 12.49700066 0 P 0
L 22.65500168 31.54700066 24.35499828 31.54700066 0 P 0
L 22.65500168 50.59700066 24.35499828 50.59700066 0 P 0
L 22.92800088 62.91600066 23.82799908 62.91600066 0 P 0
L 22.92800088 65.45600066 23.82799908 65.45600066 0 P 0
L 22.92800088 67.99600066 23.82799908 67.99600066 0 P 0
L 22.92800088 70.53600066 23.82799908 70.53600066 0 P 0
L 22.92800088 73.07600066 23.82799908 73.07600066 0 P 0
L 22.92800088 75.61600066 23.82799908 75.61600066 0 P 0
L 22.92800088 78.15600066 23.82799908 78.15600066 0 P 0
L 22.92800088 80.69600066 23.82799908 80.69600066 0 P 0
L 23.37799998 62.46600156 23.37799998 63.36599976 0 P 0
L 23.37799998 65.00600156 23.37799998 65.90599976 0 P 0
L 23.37799998 67.54600156 23.37799998 68.44599976 0 P 0
L 23.37799998 70.08600156 23.37799998 70.98599976 0 P 0
L 23.37799998 72.62600156 23.37799998 73.52599976 0 P 0
L 23.37799998 75.16600156 23.37799998 76.06599976 0 P 0
L 23.37799998 77.70600156 23.37799998 78.60599976 0 P 0
L 23.37799998 80.24600156 23.37799998 81.14599976 0 P 0
L 23.50499998 11.64700236 23.50499998 13.34699896 0 P 0
L 23.50499998 30.69700236 23.50499998 32.39699896 0 P 0
L 23.50499998 49.74700236 23.50499998 51.44699896 0 P 0
L 27.37300088 62.91600066 28.27299908 62.91600066 0 P 0
L 27.37300088 65.45600066 28.27299908 65.45600066 0 P 0
L 27.37300088 67.99600066 28.27299908 67.99600066 0 P 0
L 27.37300088 70.53600066 28.27299908 70.53600066 0 P 0
L 27.37300088 73.07600066 28.27299908 73.07600066 0 P 0
L 27.37300088 75.61600066 28.27299908 75.61600066 0 P 0
L 27.37300088 78.15600066 28.27299908 78.15600066 0 P 0
L 27.37300088 80.69600066 28.27299908 80.69600066 0 P 0
L 27.82299998 62.46600156 27.82299998 63.36599976 0 P 0
L 27.82299998 65.00600156 27.82299998 65.90599976 0 P 0
L 27.82299998 67.54600156 27.82299998 68.44599976 0 P 0
L 27.82299998 70.08600156 27.82299998 70.98599976 0 P 0
L 27.82299998 72.62600156 27.82299998 73.52599976 0 P 0
L 27.82299998 75.16600156 27.82299998 76.06599976 0 P 0
L 27.82299998 77.70600156 27.82299998 78.60599976 0 P 0
L 27.82299998 80.24600156 27.82299998 81.14599976 0 P 0
L 31.54500168 12.49700066 33.24499828 12.49700066 0 P 0
L 31.54500168 31.54700066 33.24499828 31.54700066 0 P 0
L 31.54500168 50.59700066 33.24499828 50.59700066 0 P 0
L 32.39499998 11.64700236 32.39499998 13.34699896 0 P 0
L 32.39499998 30.69700236 32.39499998 32.39699896 0 P 0
L 32.39499998 49.74700236 32.39499998 51.44699896 0 P 0
L 32.90299998 15.03700066 34.42699998 15.03700066 0 P 0
L 32.90299998 34.08700066 34.42699998 34.08700066 0 P 0
L 32.90299998 53.13700066 34.42699998 53.13700066 0 P 0
L 33.66499998 14.27500066 33.66499998 15.79900066 0 P 0
L 33.66499998 33.32500066 33.66499998 34.84900066 0 P 0
L 33.66499998 52.37500066 33.66499998 53.89900066 0 P 0
L 34.99300088 62.91600066 35.89299908 62.91600066 0 P 0
L 34.99300088 65.45600066 35.89299908 65.45600066 0 P 0
L 34.99300088 67.99600066 35.89299908 67.99600066 0 P 0
L 34.99300088 70.53600066 35.89299908 70.53600066 0 P 0
L 34.99300088 73.07600066 35.89299908 73.07600066 0 P 0
L 34.99300088 75.61600066 35.89299908 75.61600066 0 P 0
L 34.99300088 78.15600066 35.89299908 78.15600066 0 P 0
L 34.99300088 80.69600066 35.89299908 80.69600066 0 P 0
L 35.44299998 62.46600156 35.44299998 63.36599976 0 P 0
L 35.44299998 65.00600156 35.44299998 65.90599976 0 P 0
L 35.44299998 67.54600156 35.44299998 68.44599976 0 P 0
L 35.44299998 70.08600156 35.44299998 70.98599976 0 P 0
L 35.44299998 72.62600156 35.44299998 73.52599976 0 P 0
L 35.44299998 75.16600156 35.44299998 76.06599976 0 P 0
L 35.44299998 77.70600156 35.44299998 78.60599976 0 P 0
L 35.44299998 80.24600156 35.44299998 81.14599976 0 P 0
L 35.47500144 12.49700066 39.47499852 12.49700066 0 P 0
L 35.47500144 31.54700066 39.47499852 31.54700066 0 P 0
L 35.47500144 50.59700066 39.47499852 50.59700066 0 P 0
L 37.34799998 68.75800066 37.60199998 68.75800066 0 P 0
L 37.47499998 10.49700212 37.47499998 14.4969992 0 P 0
L 37.47499998 29.54700212 37.47499998 33.5469992 0 P 0
L 37.47499998 48.59700212 37.47499998 52.5969992 0 P 0
L 37.47499998 68.63100066 37.47499998 68.88500066 0 P 0
L 38.7079998 67.99600066 38.9619998 67.99600066 0 P 0
L 38.8349998 67.86900066 38.8349998 68.12300066 0 P 0
L 39.25299998 17.57700066 40.77699998 17.57700066 0 P 0
L 39.25299998 36.62700066 40.77699998 36.62700066 0 P 0
L 39.25299998 55.67700066 40.77699998 55.67700066 0 P 0
L 39.60999952 71.69599834 40.46000036 71.69599834 0 P 0
L 39.60999952 80.69600066 40.46000036 80.69600066 0 P 0
L 40.01499998 16.81500066 40.01499998 18.33900066 0 P 0
L 40.01499998 35.86500066 40.01499998 37.38900066 0 P 0
L 40.01499998 54.91500066 40.01499998 56.43900066 0 P 0
L 40.03499994 71.27099792 40.03499994 72.12099876 0 P 0
L 40.03499994 80.27100024 40.03499994 81.12100108 0 P 0
L 41.20799988 66.74800214 41.46199988 66.74800214 0 P 0
L 41.20799988 70.53600066 41.46199988 70.53600066 0 P 0
L 41.33499988 66.62100214 41.33499988 66.87500214 0 P 0
L 41.33499988 70.40900066 41.33499988 70.66300066 0 P 0
L 41.70500168 12.49700066 43.40499828 12.49700066 0 P 0
L 41.70500168 31.54700066 43.40499828 31.54700066 0 P 0
L 41.70500168 50.59700066 43.40499828 50.59700066 0 P 0
L 42.04699998 72.82200066 42.30099998 72.82200066 0 P 0
L 42.17399998 72.69500066 42.17399998 72.94900066 0 P 0
L 42.55499998 11.64700236 42.55499998 13.34699896 0 P 0
L 42.55499998 30.69700236 42.55499998 32.39699896 0 P 0
L 42.55499998 49.74700236 42.55499998 51.44699896 0 P 0
L 42.80900252 77.02100166 43.06300252 77.02100166 0 P 0
L 42.80900252 79.36200028 43.06300252 79.36200028 0 P 0
L 42.93600252 76.89400166 42.93600252 77.14800166 0 P 0
L 42.93600252 79.23500028 42.93600252 79.48900028 0 P 0
L 45.21799948 66.21800066 45.98800048 66.21800066 0 P 0
L 45.21799948 74.0880027 45.98800048 74.0880027 0 P 0
L 45.48001064 87.04600066 46.38000884 87.04600066 0 P 0
L 45.48001064 89.58600066 46.38000884 89.58600066 0 P 0
L 45.48001064 92.12600066 46.38000884 92.12600066 0 P 0
L 45.48001064 94.66600066 46.38000884 94.66600066 0 P 0
L 45.60299998 65.83300016 45.60299998 66.60300116 0 P 0
L 45.60299998 73.7030022 45.60299998 74.4730032 0 P 0
L 45.93000974 86.59600156 45.93000974 87.49599976 0 P 0
L 45.93000974 89.13600156 45.93000974 90.03599976 0 P 0
L 45.93000974 91.67600156 45.93000974 92.57599976 0 P 0
L 45.93000974 94.21600156 45.93000974 95.11599976 0 P 0
L 47.75799948 66.21800066 48.52800048 66.21800066 0 P 0
L 47.75799948 74.0880027 48.52800048 74.0880027 0 P 0
L 48.14299998 65.83300016 48.14299998 66.60300116 0 P 0
L 48.14299998 73.7030022 48.14299998 74.4730032 0 P 0
L 48.52399998 79.36200028 48.77799998 79.36200028 0 P 0
L 48.65099998 79.23500028 48.65099998 79.48900028 0 P 0
L 50.29799948 66.21800066 51.06800048 66.21800066 0 P 0
L 50.29799948 74.0880027 51.06800048 74.0880027 0 P 0
L 50.59500168 12.49700066 52.29499828 12.49700066 0 P 0
L 50.59500168 31.54700066 52.29499828 31.54700066 0 P 0
L 50.59500168 50.59700066 52.29499828 50.59700066 0 P 0
L 50.68299998 65.83300016 50.68299998 66.60300116 0 P 0
L 50.68299998 73.7030022 50.68299998 74.4730032 0 P 0
L 51.40099956 81.83900066 52.2510004 81.83900066 0 P 0
L 51.40099956 84.37900066 52.2510004 84.37900066 0 P 0
L 51.40099956 86.91900066 52.2510004 86.91900066 0 P 0
L 51.40099956 89.45900066 52.2510004 89.45900066 0 P 0
L 51.40099956 91.99900066 52.2510004 91.99900066 0 P 0
L 51.40099956 94.53900066 52.2510004 94.53900066 0 P 0
L 51.40099956 97.07900066 52.2510004 97.07900066 0 P 0
L 51.44499998 11.64700236 51.44499998 13.34699896 0 P 0
L 51.44499998 30.69700236 51.44499998 32.39699896 0 P 0
L 51.44499998 49.74700236 51.44499998 51.44699896 0 P 0
L 51.82599998 81.41400024 51.82599998 82.26400108 0 P 0
L 51.82599998 83.95400024 51.82599998 84.80400108 0 P 0
L 51.82599998 86.49400024 51.82599998 87.34400108 0 P 0
L 51.82599998 89.03400024 51.82599998 89.88400108 0 P 0
L 51.82599998 91.57400024 51.82599998 92.42400108 0 P 0
L 51.82599998 94.11400024 51.82599998 94.96400108 0 P 0
L 51.82599998 96.65400024 51.82599998 97.50400108 0 P 0
L 51.95299998 15.03700066 53.47699998 15.03700066 0 P 0
L 51.95299998 34.08700066 53.47699998 34.08700066 0 P 0
L 51.95299998 53.13700066 53.47699998 53.13700066 0 P 0
L 52.71499998 14.27500066 52.71499998 15.79900066 0 P 0
L 52.71499998 33.32500066 52.71499998 34.84900066 0 P 0
L 52.71499998 52.37500066 52.71499998 53.89900066 0 P 0
L 52.83799948 66.21800066 53.60800048 66.21800066 0 P 0
L 52.83799948 74.0880027 53.60800048 74.0880027 0 P 0
L 53.22299998 65.83300016 53.22299998 66.60300116 0 P 0
L 53.22299998 73.7030022 53.22299998 74.4730032 0 P 0
L 54.52500144 12.49700066 58.52499852 12.49700066 0 P 0
L 54.52500144 31.54700066 58.52499852 31.54700066 0 P 0
L 54.52500144 50.59700066 58.52499852 50.59700066 0 P 0
L 55.37799948 66.21800066 56.14800048 66.21800066 0 P 0
L 55.37799948 74.0880027 56.14800048 74.0880027 0 P 0
L 55.76299998 65.83300016 55.76299998 66.60300116 0 P 0
L 55.76299998 73.7030022 55.76299998 74.4730032 0 P 0
L 56.52499998 10.49700212 56.52499998 14.4969992 0 P 0
L 56.52499998 29.54700212 56.52499998 33.5469992 0 P 0
L 56.52499998 48.59700212 56.52499998 52.5969992 0 P 0
L 57.91799948 66.21800066 58.68800048 66.21800066 0 P 0
L 57.91799948 74.0880027 58.68800048 74.0880027 0 P 0
L 58.30299998 17.57700066 59.82699998 17.57700066 0 P 0
L 58.30299998 36.62700066 59.82699998 36.62700066 0 P 0
L 58.30299998 55.67700066 59.82699998 55.67700066 0 P 0
L 58.30299998 65.83300016 58.30299998 66.60300116 0 P 0
L 58.30299998 73.7030022 58.30299998 74.4730032 0 P 0
L 59.06499998 16.81500066 59.06499998 18.33900066 0 P 0
L 59.06499998 35.86500066 59.06499998 37.38900066 0 P 0
L 59.06499998 54.91500066 59.06499998 56.43900066 0 P 0
L 60.45799948 66.21800066 61.22800048 66.21800066 0 P 0
L 60.45799948 74.0880027 61.22800048 74.0880027 0 P 0
L 60.75500168 12.49700066 62.45499828 12.49700066 0 P 0
L 60.75500168 31.54700066 62.45499828 31.54700066 0 P 0
L 60.75500168 50.59700066 62.45499828 50.59700066 0 P 0
L 60.84299998 65.83300016 60.84299998 66.60300116 0 P 0
L 60.84299998 73.7030022 60.84299998 74.4730032 0 P 0
L 61.60499998 11.64700236 61.60499998 13.34699896 0 P 0
L 61.60499998 30.69700236 61.60499998 32.39699896 0 P 0
L 61.60499998 49.74700236 61.60499998 51.44699896 0 P 0
L 64.97100036 76.6959985 65.22500036 76.6959985 0 P 0
L 65.09800036 76.5689985 65.09800036 76.8229985 0 P 0
L 66.64099956 81.83900066 67.4910004 81.83900066 0 P 0
L 66.64099956 84.37900066 67.4910004 84.37900066 0 P 0
L 66.64099956 86.91900066 67.4910004 86.91900066 0 P 0
L 66.64099956 89.45900066 67.4910004 89.45900066 0 P 0
L 66.64099956 91.99900066 67.4910004 91.99900066 0 P 0
L 66.64099956 94.53900066 67.4910004 94.53900066 0 P 0
L 66.64099956 97.07900066 67.4910004 97.07900066 0 P 0
L 66.80799948 66.2180032 67.57800048 66.2180032 0 P 0
L 66.80799948 74.08800524 67.57800048 74.08800524 0 P 0
L 67.06599998 81.41400024 67.06599998 82.26400108 0 P 0
L 67.06599998 83.95400024 67.06599998 84.80400108 0 P 0
L 67.06599998 86.49400024 67.06599998 87.34400108 0 P 0
L 67.06599998 89.03400024 67.06599998 89.88400108 0 P 0
L 67.06599998 91.57400024 67.06599998 92.42400108 0 P 0
L 67.06599998 94.11400024 67.06599998 94.96400108 0 P 0
L 67.06599998 96.65400024 67.06599998 97.50400108 0 P 0
L 67.19299998 65.8330027 67.19299998 66.6030037 0 P 0
L 67.19299998 73.70300474 67.19299998 74.47300574 0 P 0
L 69.34799948 66.2180032 70.11800048 66.2180032 0 P 0
L 69.34799948 74.08800524 70.11800048 74.08800524 0 P 0
L 69.64500168 12.49700066 71.34499828 12.49700066 0 P 0
L 69.64500168 31.54700066 71.34499828 31.54700066 0 P 0
L 69.64500168 50.59700066 71.34499828 50.59700066 0 P 0
L 69.73299998 65.8330027 69.73299998 66.6030037 0 P 0
L 69.73299998 73.70300474 69.73299998 74.47300574 0 P 0
L 70.49499998 11.64700236 70.49499998 13.34699896 0 P 0
L 70.49499998 30.69700236 70.49499998 32.39699896 0 P 0
L 70.49499998 49.74700236 70.49499998 51.44699896 0 P 0
L 71.00299998 15.03700066 72.52699998 15.03700066 0 P 0
L 71.00299998 34.08700066 72.52699998 34.08700066 0 P 0
L 71.00299998 53.13700066 72.52699998 53.13700066 0 P 0
L 71.00700302 89.33200066 72.80699942 89.33200066 0 P 0
L 71.76499998 14.27500066 71.76499998 15.79900066 0 P 0
L 71.76499998 33.32500066 71.76499998 34.84900066 0 P 0
L 71.76499998 52.37500066 71.76499998 53.89900066 0 P 0
L 71.88799948 66.2180032 72.65800048 66.2180032 0 P 0
L 71.88799948 74.08800524 72.65800048 74.08800524 0 P 0
L 71.90700122 88.43200246 71.90700122 90.23199886 0 P 0
L 72.27299998 65.8330027 72.27299998 66.6030037 0 P 0
L 72.27299998 73.70300474 72.27299998 74.47300574 0 P 0
L 73.00799724 77.52100066 73.85799808 77.52100066 0 P 0
L 73.43299766 77.09600024 73.43299766 77.94600108 0 P 0
L 73.57500144 12.49700066 77.57499852 12.49700066 0 P 0
L 73.57500144 31.54700066 77.57499852 31.54700066 0 P 0
L 73.57500144 50.59700066 77.57499852 50.59700066 0 P 0
L 74.42799948 66.2180032 75.19800048 66.2180032 0 P 0
L 74.42799948 74.08800524 75.19800048 74.08800524 0 P 0
L 74.6070009 81.83200042 75.6069989 81.83200042 0 P 0
L 74.6070009 96.3320019 75.6069989 96.3320019 0 P 0
L 74.81299998 65.8330027 74.81299998 66.6030037 0 P 0
L 74.81299998 73.70300474 74.81299998 74.47300574 0 P 0
L 75.1069999 81.33200142 75.1069999 82.33199942 0 P 0
L 75.1069999 95.8320029 75.1069999 96.8320009 0 P 0
L 75.57499998 10.49700212 75.57499998 14.4969992 0 P 0
L 75.57499998 29.54700212 75.57499998 33.5469992 0 P 0
L 75.57499998 48.59700212 75.57499998 52.5969992 0 P 0
L 76.96799948 66.2180032 77.73800048 66.2180032 0 P 0
L 76.96799948 74.08800524 77.73800048 74.08800524 0 P 0
L 77.10700098 81.83200042 78.10699898 81.83200042 0 P 0
L 77.35299998 17.57700066 78.87699998 17.57700066 0 P 0
L 77.35299998 36.62700066 78.87699998 36.62700066 0 P 0
L 77.35299998 55.67700066 78.87699998 55.67700066 0 P 0
L 77.35299998 65.8330027 77.35299998 66.6030037 0 P 0
L 77.35299998 73.70300474 77.35299998 74.47300574 0 P 0
L 77.60699998 81.33200142 77.60699998 82.33199942 0 P 0
L 78.11499998 16.81500066 78.11499998 18.33900066 0 P 0
L 78.11499998 35.86500066 78.11499998 37.38900066 0 P 0
L 78.11499998 54.91500066 78.11499998 56.43900066 0 P 0
L 79.50799948 66.2180032 80.27800048 66.2180032 0 P 0
L 79.50799948 74.08800524 80.27800048 74.08800524 0 P 0
L 79.60700106 81.83200042 80.60699906 81.83200042 0 P 0
L 79.60700106 96.3320019 80.60699906 96.3320019 0 P 0
L 79.80500168 12.49700066 81.50499828 12.49700066 0 P 0
L 79.80500168 31.54700066 81.50499828 31.54700066 0 P 0
L 79.80500168 50.59700066 81.50499828 50.59700066 0 P 0
L 79.89299998 65.8330027 79.89299998 66.6030037 0 P 0
L 79.89299998 73.70300474 79.89299998 74.47300574 0 P 0
L 80.10700006 81.33200142 80.10700006 82.33199942 0 P 0
L 80.10700006 95.8320029 80.10700006 96.8320009 0 P 0
L 80.65499998 11.64700236 80.65499998 13.34699896 0 P 0
L 80.65499998 30.69700236 80.65499998 32.39699896 0 P 0
L 80.65499998 49.74700236 80.65499998 51.44699896 0 P 0
L 82.00799956 77.52100066 82.8580004 77.52100066 0 P 0
L 82.04799948 66.2180032 82.81800048 66.2180032 0 P 0
L 82.04799948 74.08800524 82.81800048 74.08800524 0 P 0
L 82.40700054 89.33200066 84.20699694 89.33200066 0 P 0
L 82.43299998 65.8330027 82.43299998 66.6030037 0 P 0
L 82.43299998 73.70300474 82.43299998 74.47300574 0 P 0
L 82.43299998 77.09600024 82.43299998 77.94600108 0 P 0
L 83.30699874 88.43200246 83.30699874 90.23199886 0 P 0
